5.35656219620418, -2.07560185432626, -1.94770015881542, -11.7994301214057, 56.0700235193481, 
5.35656219620418, -2.07560185432626, -1.94770015881542, -11.7994301214057, 56.0700235193481, 
5.35656219620418, -2.07560185432626, -1.94770015881542, -11.7994301214057, 56.0700235193481, 
5.35656219620418, -2.07560185432626, -1.94770015881542, -11.7994301214057, 56.0700235193481, 
5.35656219620418, -2.07560185432626, -1.94770015881542, -11.7994301214057, 56.0700235193481, 
5.35656219620418, -2.07560185432626, -1.94770015881542, -11.7994301214057, 56.0700235193481, 
5.35656219620418, -2.07560185432626, -1.94770015881542, -11.7994301214057, 56.0700235193481, 
5.35656219620418, -2.07560185432626, -1.94770015881542, -11.7994301214057, 56.0700235193481, 
5.35656219620418, -2.07560185432626, -1.94770015881542, -11.7994301214057, 56.0700235193481, 
5.35656219620418, -2.07560185432626, -1.94770015881542, -11.7994301214057, 56.0700235193481, 
5.35656219620418, -2.07560185432626, -1.94770015881542, -11.7994301214057, 56.0700235193481, 
5.35656219620418, -2.07560185432626, -1.94770015881542, -11.7994301214057, 56.0700235193481, 
5.35656219620418, -2.07560185432626, -1.94770015881542, -11.7994301214057, 56.0700235193481, 
5.35656219620418, -2.07560185432626, -1.94770015881542, -11.7994301214057, 56.0700235193481, 
5.35656219620418, -2.07560185432626, -1.94770015881542, -11.7994301214057, 56.0700235193481, 
5.35656219620418, -2.07560185432626, -1.94770015881542, -11.7994301214057, 56.0700235193481, 
5.35656219620418, -2.07560185432626, -1.94770015881542, -11.7994301214057, 56.0700235193481, 
5.35656219620418, -2.07560185432626, -1.94770015881542, -11.7994301214057, 56.0700235193481, 
5.35656219620418, -2.07560185432626, -1.94770015881542, -11.7994301214057, 56.0700235193481, 
5.35656219620418, -2.07560185432626, -1.94770015881542, -11.7994301214057, 56.0700235193481, 
5.35656219620418, -2.07560185432626, -1.94770015881542, -11.7994301214057, 56.0700235193481, 
5.35656219620418, -2.07560185432626, -1.94770015881542, -11.7994301214057, 56.0700235193481, 
5.35656219620418, -2.07560185432626, -1.94770015881542, -11.7994301214057, 56.0700235193481, 
5.35656219620418, -2.07560185432626, -1.94770015881542, -11.7994301214057, 56.0700235193481, 
5.35656219620418, -2.07560185432626, -1.94770015881542, -11.7994301214057, 56.0700235193481, 
5.35656219620418, -2.07560185432626, -1.94770015881542, -11.7994301214057, 56.0700235193481, 
5.35656219620418, -2.07560185432626, -1.94770015881542, -11.7994301214057, 56.0700235193481, 
5.35656219620418, -2.07560185432626, -1.94770015881542, -11.7994301214057, 56.0700235193481, 
5.35656219620418, -2.07560185432626, -1.94770015881542, -11.7994301214057, 56.0700235193481, 
5.35656219620418, -2.07560185432626, -1.94770015881542, -11.7994301214057, 56.0700235193481, 
5.35656219620418, -2.07560185432626, -1.94770015881542, -11.7994301214057, 56.0700235193481, 
5.35656219620418, -2.07560185432626, -1.94770015881542, -11.7994301214057, 56.0700235193481, 
5.35656219620418, -2.07560185432626, -1.94770015881542, -11.7994301214057, 56.0700235193481, 
5.35656219620418, -2.07560185432626, -1.94770015881542, -11.7994301214057, 56.0700235193481, 
5.35656219620418, -2.07560185432626, -1.94770015881542, -11.7994301214057, 56.0700235193481, 
5.35656219620418, -2.07560185432626, -1.94770015881542, -11.7994301214057, 56.0700235193481, 
5.35656219620418, -2.07560185432626, -1.94770015881542, -11.7994301214057, 56.0700235193481, 
5.35656219620418, -2.07560185432626, -1.94770015881542, -11.7994301214057, 56.0700235193481, 
5.35656219620418, -2.07560185432626, -1.94770015881542, -11.7994301214057, 56.0700235193481, 
5.35656219620418, -2.07560185432626, -1.94770015881542, -11.7994301214057, 56.0700235193481, 
5.35656219620418, -2.07560185432626, -1.94770015881542, -11.7994301214057, 56.0700235193481, 
5.35656219620418, -2.07560185432626, -1.94770015881542, -11.7994301214057, 56.0700235193481, 
5.35656219620418, -2.07560185432626, -1.94770015881542, -11.7994301214057, 56.0700235193481, 
5.35656219620418, -2.07560185432626, -1.94770015881542, -11.7994301214057, 56.0700235193481, 
5.35656219620418, -2.07560185432626, -1.94770015881542, -11.7994301214057, 56.0700235193481, 
5.35656219620418, -2.07560185432626, -1.94770015881542, -11.7994301214057, 56.0700235193481, 
5.35656219620418, -2.07560185432626, -1.94770015881542, -11.7994301214057, 56.0700235193481, 
5.35656219620418, -2.07560185432626, -1.94770015881542, -11.7994301214057, 56.0700235193481, 
5.35656219620418, -2.07560185432626, -1.94770015881542, -11.7994301214057, 56.0700235193481, 
5.35656219620418, -2.07560185432626, -1.94770015881542, -11.7994301214057, 56.0700235193481, 
5.35656219620418, -2.07560185432626, -1.94770015881542, -11.7994301214057, 56.0700235193481, 
5.35656219620418, -2.07560185432626, -1.94770015881542, -11.7994301214057, 56.0700235193481, 
5.35656219620418, -2.07560185432626, -1.94770015881542, -11.7994301214057, 56.0700235193481, 
5.35656219620418, -2.07560185432626, -1.94770015881542, -11.7994301214057, 56.0700235193481, 
5.35656219620418, -2.07560185432626, -1.94770015881542, -11.7994301214057, 56.0700235193481, 
5.35656219620418, -2.07560185432626, -1.94770015881542, -11.7994301214057, 56.0700235193481, 
5.35656219620418, -2.07560185432626, -1.94770015881542, -11.7994301214057, 56.0700235193481, 
5.35656219620418, -2.07560185432626, -1.94770015881542, -11.7994301214057, 56.0700235193481, 
5.35656219620418, -2.07560185432626, -1.94770015881542, -11.7994301214057, 56.0700235193481, 
5.35656219620418, -2.07560185432626, -1.94770015881542, -11.7994301214057, 56.0700235193481, 
5.35656219620418, -2.07560185432626, -1.94770015881542, -11.7994301214057, 56.0700235193481, 
5.35656219620418, -2.07560185432626, -1.94770015881542, -11.7994301214057, 56.0700235193481, 
5.35656219620418, -2.07560185432626, -1.94770015881542, -11.7994301214057, 56.0700235193481, 
5.35656219620418, -2.07560185432626, -1.94770015881542, -11.7994301214057, 56.0700235193481, 
5.35656219620418, -2.07560185432626, -1.94770015881542, -11.7994301214057, 56.0700235193481, 
5.35656219620418, -2.07560185432626, -1.94770015881542, -11.7994301214057, 56.0700235193481, 
5.35656219620418, -2.07560185432626, -1.94770015881542, -11.7994301214057, 56.0700235193481, 
5.35656219620418, -2.07560185432626, -1.94770015881542, -11.7994301214057, 56.0700235193481, 
5.35656219620418, -2.07560185432626, -1.94770015881542, -11.7994301214057, 56.0700235193481, 
5.35656219620418, -2.07560185432626, -1.94770015881542, -11.7994301214057, 56.0700235193481, 
5.35656219620418, -2.07560185432626, -1.94770015881542, -11.7994301214057, 56.0700235193481, 
5.35656219620418, -2.07560185432626, -1.94770015881542, -11.7994301214057, 56.0700235193481, 
5.35656219620418, -2.07560185432626, -1.94770015881542, -11.7994301214057, 56.0700235193481, 
5.35656219620418, -2.07560185432626, -1.94770015881542, -11.7994301214057, 56.0700235193481, 
5.35656219620418, -2.07560185432626, -1.94770015881542, -11.7994301214057, 56.0700235193481, 
5.35656219620418, -2.07560185432626, -1.94770015881542, -11.7994301214057, 56.0700235193481, 
5.35656219620418, -2.07560185432626, -1.94770015881542, -11.7994301214057, 56.0700235193481, 
5.35656219620418, -2.07560185432626, -1.94770015881542, -11.7994301214057, 56.0700235193481, 
6.21155161612802, -1.20051447270256, -13.3801629991366, 0, 0, 
6.21155161612802, -1.20051447270256, -13.3801629991366, 0, 0, 
6.21155161612802, -1.20051447270256, -13.3801629991366, 0, 0, 
6.13473930872206, -0.524440333967826, -15.2097965079591, -2.23468763226643, 57.2555633592493, 
6.13473930872206, -0.524440333967826, -15.2097965079591, -2.23468763226643, 57.2555633592493, 
6.13473930872206, -0.524440333967826, -15.2097965079591, -2.23468763226643, 57.2555633592493, 
6.13473930872206, -0.524440333967826, -15.2097965079591, -2.23468763226643, 57.2555633592493, 
6.13473930872206, -0.524440333967826, -15.2097965079591, -2.23468763226643, 57.2555633592493, 
6.13473930872206, -0.524440333967826, -15.2097965079591, -2.23468763226643, 57.2555633592493, 
6.13473930872206, -0.524440333967826, -15.2097965079591, -2.23468763226643, 57.2555633592493, 
6.13473930872206, -0.524440333967826, -15.2097965079591, -2.23468763226643, 57.2555633592493, 
6.13473930872206, -0.524440333967826, -15.2097965079591, -2.23468763226643, 57.2555633592493, 
6.13473930872206, -0.524440333967826, -15.2097965079591, -2.23468763226643, 57.2555633592493, 
6.13473930872206, -0.524440333967826, -15.2097965079591, -2.23468763226643, 57.2555633592493, 
6.13473930872206, -0.524440333967826, -15.2097965079591, -2.23468763226643, 57.2555633592493, 
6.13473930872206, -0.524440333967826, -15.2097965079591, -2.23468763226643, 57.2555633592493, 
6.13473930872206, -0.524440333967826, -15.2097965079591, -2.23468763226643, 57.2555633592493, 
6.13473930872206, -0.524440333967826, -15.2097965079591, -2.23468763226643, 57.2555633592493, 
6.13473930872206, -0.524440333967826, -15.2097965079591, -2.23468763226643, 57.2555633592493, 
6.13473930872206, -0.524440333967826, -15.2097965079591, -2.23468763226643, 57.2555633592493, 
6.13473930872206, -0.524440333967826, -15.2097965079591, -2.23468763226643, 57.2555633592493, 
6.13473930872206, -0.524440333967826, -15.2097965079591, -2.23468763226643, 57.2555633592493, 
6.13473930872206, -0.524440333967826, -15.2097965079591, -2.23468763226643, 57.2555633592493, 
6.13473930872206, -0.524440333967826, -15.2097965079591, -2.23468763226643, 57.2555633592493, 
6.13473930872206, -0.524440333967826, -15.2097965079591, -2.23468763226643, 57.2555633592493, 
6.13473930872206, -0.524440333967826, -15.2097965079591, -2.23468763226643, 57.2555633592493, 
6.13473930872206, -0.524440333967826, -15.2097965079591, -2.23468763226643, 57.2555633592493, 
6.13473930872206, -0.524440333967826, -15.2097965079591, -2.23468763226643, 57.2555633592493, 
6.13473930872206, -0.524440333967826, -15.2097965079591, -2.23468763226643, 57.2555633592493, 
6.13473930872206, -0.524440333967826, -15.2097965079591, -2.23468763226643, 57.2555633592493, 
6.13473930872206, -0.524440333967826, -15.2097965079591, -2.23468763226643, 57.2555633592493, 
6.13473930872206, -0.524440333967826, -15.2097965079591, -2.23468763226643, 57.2555633592493, 
6.13473930872206, -0.524440333967826, -15.2097965079591, -2.23468763226643, 57.2555633592493, 
6.13473930872206, -0.524440333967826, -15.2097965079591, -2.23468763226643, 57.2555633592493, 
6.13473930872206, -0.524440333967826, -15.2097965079591, -2.23468763226643, 57.2555633592493, 
6.13473930872206, -0.524440333967826, -15.2097965079591, -2.23468763226643, 57.2555633592493, 
6.13473930872206, -0.524440333967826, -15.2097965079591, -2.23468763226643, 57.2555633592493, 
6.13473930872206, -0.524440333967826, -15.2097965079591, -2.23468763226643, 57.2555633592493, 
6.13473930872206, -0.524440333967826, -15.2097965079591, -2.23468763226643, 57.2555633592493, 
6.13473930872206, -0.524440333967826, -15.2097965079591, -2.23468763226643, 57.2555633592493, 
6.13473930872206, -0.524440333967826, -15.2097965079591, -2.23468763226643, 57.2555633592493, 
6.13473930872206, -0.524440333967826, -15.2097965079591, -2.23468763226643, 57.2555633592493, 
6.13473930872206, -0.524440333967826, -15.2097965079591, -2.23468763226643, 57.2555633592493, 
6.13473930872206, -0.524440333967826, -15.2097965079591, -2.23468763226643, 57.2555633592493, 
6.13473930872206, -0.524440333967826, -15.2097965079591, -2.23468763226643, 57.2555633592493, 
6.13473930872206, -0.524440333967826, -15.2097965079591, -2.23468763226643, 57.2555633592493, 
6.13473930872206, -0.524440333967826, -15.2097965079591, -2.23468763226643, 57.2555633592493, 
6.13473930872206, -0.524440333967826, -15.2097965079591, -2.23468763226643, 57.2555633592493, 
6.13473930872206, -0.524440333967826, -15.2097965079591, -2.23468763226643, 57.2555633592493, 
6.13473930872206, -0.524440333967826, -15.2097965079591, -2.23468763226643, 57.2555633592493, 
6.13473930872206, -0.524440333967826, -15.2097965079591, -2.23468763226643, 57.2555633592493, 
6.13473930872206, -0.524440333967826, -15.2097965079591, -2.23468763226643, 57.2555633592493, 
6.13473930872206, -0.524440333967826, -15.2097965079591, -2.23468763226643, 57.2555633592493, 
6.13473930872206, -0.524440333967826, -15.2097965079591, -2.23468763226643, 57.2555633592493, 
6.13473930872206, -0.524440333967826, -15.2097965079591, -2.23468763226643, 57.2555633592493, 
6.13473930872206, -0.524440333967826, -15.2097965079591, -2.23468763226643, 57.2555633592493, 
6.13473930872206, -0.524440333967826, -15.2097965079591, -2.23468763226643, 57.2555633592493, 
6.13473930872206, -0.524440333967826, -15.2097965079591, -2.23468763226643, 57.2555633592493, 
6.13473930872206, -0.524440333967826, -15.2097965079591, -2.23468763226643, 57.2555633592493, 
6.13473930872206, -0.524440333967826, -15.2097965079591, -2.23468763226643, 57.2555633592493, 
6.13473930872206, -0.524440333967826, -15.2097965079591, -2.23468763226643, 57.2555633592493, 
6.13473930872206, -0.524440333967826, -15.2097965079591, -2.23468763226643, 57.2555633592493, 
6.13473930872206, -0.524440333967826, -15.2097965079591, -2.23468763226643, 57.2555633592493, 
6.13473930872206, -0.524440333967826, -15.2097965079591, -2.23468763226643, 57.2555633592493, 
6.13473930872206, -0.524440333967826, -15.2097965079591, -2.23468763226643, 57.2555633592493, 
6.13473930872206, -0.524440333967826, -15.2097965079591, -2.23468763226643, 57.2555633592493, 
6.13473930872206, -0.524440333967826, -15.2097965079591, -2.23468763226643, 57.2555633592493, 
6.13473930872206, -0.524440333967826, -15.2097965079591, -2.23468763226643, 57.2555633592493, 
6.13473930872206, -0.524440333967826, -15.2097965079591, -2.23468763226643, 57.2555633592493, 
6.13473930872206, -0.524440333967826, -15.2097965079591, -2.23468763226643, 57.2555633592493, 
3.65413754557849, -3.41482543286439, -34.334893089696, 0, 0, 
3.65413754557849, -3.41482543286439, -34.334893089696, 0, 0, 
3.65413754557849, -3.41482543286439, -34.334893089696, 0, 0, 
3.29004748168177, -2.8595374566447, -35.6638395814107, -1.48979168369648, 57.2800427572346, 
3.29004748168177, -2.8595374566447, -35.6638395814107, -1.48979168369648, 57.2800427572346, 
3.29004748168177, -2.8595374566447, -35.6638395814107, -1.48979168369648, 57.2800427572346, 
3.29004748168177, -2.8595374566447, -35.6638395814107, -1.48979168369648, 57.2800427572346, 
3.29004748168177, -2.8595374566447, -35.6638395814107, -1.48979168369648, 57.2800427572346, 
3.29004748168177, -2.8595374566447, -35.6638395814107, -1.48979168369648, 57.2800427572346, 
3.29004748168177, -2.8595374566447, -35.6638395814107, -1.48979168369648, 57.2800427572346, 
3.29004748168177, -2.8595374566447, -35.6638395814107, -1.48979168369648, 57.2800427572346, 
3.29004748168177, -2.8595374566447, -35.6638395814107, -1.48979168369648, 57.2800427572346, 
3.29004748168177, -2.8595374566447, -35.6638395814107, -1.48979168369648, 57.2800427572346, 
3.29004748168177, -2.8595374566447, -35.6638395814107, -1.48979168369648, 57.2800427572346, 
3.29004748168177, -2.8595374566447, -35.6638395814107, -1.48979168369648, 57.2800427572346, 
3.29004748168177, -2.8595374566447, -35.6638395814107, -1.48979168369648, 57.2800427572346, 
3.29004748168177, -2.8595374566447, -35.6638395814107, -1.48979168369648, 57.2800427572346, 
3.29004748168177, -2.8595374566447, -35.6638395814107, -1.48979168369648, 57.2800427572346, 
3.29004748168177, -2.8595374566447, -35.6638395814107, -1.48979168369648, 57.2800427572346, 
3.29004748168177, -2.8595374566447, -35.6638395814107, -1.48979168369648, 57.2800427572346, 
3.29004748168177, -2.8595374566447, -35.6638395814107, -1.48979168369648, 57.2800427572346, 
3.29004748168177, -2.8595374566447, -35.6638395814107, -1.48979168369648, 57.2800427572346, 
3.29004748168177, -2.8595374566447, -35.6638395814107, -1.48979168369648, 57.2800427572346, 
3.29004748168177, -2.8595374566447, -35.6638395814107, -1.48979168369648, 57.2800427572346, 
3.29004748168177, -2.8595374566447, -35.6638395814107, -1.48979168369648, 57.2800427572346, 
3.29004748168177, -2.8595374566447, -35.6638395814107, -1.48979168369648, 57.2800427572346, 
3.29004748168177, -2.8595374566447, -35.6638395814107, -1.48979168369648, 57.2800427572346, 
3.29004748168177, -2.8595374566447, -35.6638395814107, -1.48979168369648, 57.2800427572346, 
3.29004748168177, -2.8595374566447, -35.6638395814107, -1.48979168369648, 57.2800427572346, 
3.29004748168177, -2.8595374566447, -35.6638395814107, -1.48979168369648, 57.2800427572346, 
3.29004748168177, -2.8595374566447, -35.6638395814107, -1.48979168369648, 57.2800427572346, 
3.29004748168177, -2.8595374566447, -35.6638395814107, -1.48979168369648, 57.2800427572346, 
3.29004748168177, -2.8595374566447, -35.6638395814107, -1.48979168369648, 57.2800427572346, 
3.29004748168177, -2.8595374566447, -35.6638395814107, -1.48979168369648, 57.2800427572346, 
3.29004748168177, -2.8595374566447, -35.6638395814107, -1.48979168369648, 57.2800427572346, 
3.29004748168177, -2.8595374566447, -35.6638395814107, -1.48979168369648, 57.2800427572346, 
3.29004748168177, -2.8595374566447, -35.6638395814107, -1.48979168369648, 57.2800427572346, 
3.29004748168177, -2.8595374566447, -35.6638395814107, -1.48979168369648, 57.2800427572346, 
3.29004748168177, -2.8595374566447, -35.6638395814107, -1.48979168369648, 57.2800427572346, 
3.29004748168177, -2.8595374566447, -35.6638395814107, -1.48979168369648, 57.2800427572346, 
3.29004748168177, -2.8595374566447, -35.6638395814107, -1.48979168369648, 57.2800427572346, 
3.29004748168177, -2.8595374566447, -35.6638395814107, -1.48979168369648, 57.2800427572346, 
3.29004748168177, -2.8595374566447, -35.6638395814107, -1.48979168369648, 57.2800427572346, 
3.29004748168177, -2.8595374566447, -35.6638395814107, -1.48979168369648, 57.2800427572346, 
3.29004748168177, -2.8595374566447, -35.6638395814107, -1.48979168369648, 57.2800427572346, 
3.29004748168177, -2.8595374566447, -35.6638395814107, -1.48979168369648, 57.2800427572346, 
3.29004748168177, -2.8595374566447, -35.6638395814107, -1.48979168369648, 57.2800427572346, 
3.29004748168177, -2.8595374566447, -35.6638395814107, -1.48979168369648, 57.2800427572346, 
3.29004748168177, -2.8595374566447, -35.6638395814107, -1.48979168369648, 57.2800427572346, 
3.29004748168177, -2.8595374566447, -35.6638395814107, -1.48979168369648, 57.2800427572346, 
3.29004748168177, -2.8595374566447, -35.6638395814107, -1.48979168369648, 57.2800427572346, 
3.29004748168177, -2.8595374566447, -35.6638395814107, -1.48979168369648, 57.2800427572346, 
3.29004748168177, -2.8595374566447, -35.6638395814107, -1.48979168369648, 57.2800427572346, 
3.29004748168177, -2.8595374566447, -35.6638395814107, -1.48979168369648, 57.2800427572346, 
3.29004748168177, -2.8595374566447, -35.6638395814107, -1.48979168369648, 57.2800427572346, 
3.29004748168177, -2.8595374566447, -35.6638395814107, -1.48979168369648, 57.2800427572346, 
3.29004748168177, -2.8595374566447, -35.6638395814107, -1.48979168369648, 57.2800427572346, 
3.29004748168177, -2.8595374566447, -35.6638395814107, -1.48979168369648, 57.2800427572346, 
3.29004748168177, -2.8595374566447, -35.6638395814107, -1.48979168369648, 57.2800427572346, 
3.29004748168177, -2.8595374566447, -35.6638395814107, -1.48979168369648, 57.2800427572346, 
3.29004748168177, -2.8595374566447, -35.6638395814107, -1.48979168369648, 57.2800427572346, 
3.29004748168177, -2.8595374566447, -35.6638395814107, -1.48979168369648, 57.2800427572346, 
3.29004748168177, -2.8595374566447, -35.6638395814107, -1.48979168369648, 57.2800427572346, 
3.29004748168177, -2.8595374566447, -35.6638395814107, -1.48979168369648, 57.2800427572346, 
3.29004748168177, -2.8595374566447, -35.6638395814107, -1.48979168369648, 57.2800427572346, 
3.29004748168177, -2.8595374566447, -35.6638395814107, -1.48979168369648, 57.2800427572346, 
3.29004748168177, -2.8595374566447, -35.6638395814107, -1.48979168369648, 57.2800427572346, 
3.29004748168177, -2.8595374566447, -35.6638395814107, -1.48979168369648, 57.2800427572346, 
3.29004748168177, -2.8595374566447, -35.6638395814107, -1.48979168369648, 57.2800427572346, 
3.29004748168177, -2.8595374566447, -35.6638395814107, -1.48979168369648, 57.2800427572346, 
3.29004748168177, -2.8595374566447, -35.6638395814107, -1.48979168369648, 57.2800427572346, 
3.29004748168177, -2.8595374566447, -35.6638395814107, -1.48979168369648, 57.2800427572346, 
3.29004748168177, -2.8595374566447, -35.6638395814107, -1.48979168369648, 57.2800427572346, 
3.29004748168177, -2.8595374566447, -35.6638395814107, -1.48979168369648, 57.2800427572346, 
3.29004748168177, -2.8595374566447, -35.6638395814107, -1.48979168369648, 57.2800427572346, 
3.29004748168177, -2.8595374566447, -35.6638395814107, -1.48979168369648, 57.2800427572346, 
3.29004748168177, -2.8595374566447, -35.6638395814107, -1.48979168369648, 57.2800427572346, 
3.29004748168177, -2.8595374566447, -35.6638395814107, -1.48979168369648, 57.2800427572346, 
3.29004748168177, -2.8595374566447, -35.6638395814107, -1.48979168369648, 57.2800427572346, 
3.29004748168177, -2.8595374566447, -35.6638395814107, -1.48979168369648, 57.2800427572346, 
3.29004748168177, -2.8595374566447, -35.6638395814107, -1.48979168369648, 57.2800427572346, 
3.29004748168177, -2.8595374566447, -35.6638395814107, -1.48979168369648, 57.2800427572346, 
3.29004748168177, -2.8595374566447, -35.6638395814107, -1.48979168369648, 57.2800427572346, 
0.212091034107232, -3.61878726119885, -45.9842588323946, 0, 0, 
0.212091034107232, -3.61878726119885, -45.9842588323946, 0, 0, 
0.690395521304907, -2.6353322282708, -47.4596923912387, -0.618997953085159, 56.167944526384, 
0.690395521304907, -2.6353322282708, -47.4596923912387, -0.618997953085159, 56.167944526384, 
0.690395521304907, -2.6353322282708, -47.4596923912387, -0.618997953085159, 56.167944526384, 
0.690395521304907, -2.6353322282708, -47.4596923912387, -0.618997953085159, 56.167944526384, 
0.690395521304907, -2.6353322282708, -47.4596923912387, -0.618997953085159, 56.167944526384, 
0.690395521304907, -2.6353322282708, -47.4596923912387, -0.618997953085159, 56.167944526384, 
0.690395521304907, -2.6353322282708, -47.4596923912387, -0.618997953085159, 56.167944526384, 
0.690395521304907, -2.6353322282708, -47.4596923912387, -0.618997953085159, 56.167944526384, 
0.690395521304907, -2.6353322282708, -47.4596923912387, -0.618997953085159, 56.167944526384, 
0.690395521304907, -2.6353322282708, -47.4596923912387, -0.618997953085159, 56.167944526384, 
0.690395521304907, -2.6353322282708, -47.4596923912387, -0.618997953085159, 56.167944526384, 
0.690395521304907, -2.6353322282708, -47.4596923912387, -0.618997953085159, 56.167944526384, 
0.690395521304907, -2.6353322282708, -47.4596923912387, -0.618997953085159, 56.167944526384, 
0.690395521304907, -2.6353322282708, -47.4596923912387, -0.618997953085159, 56.167944526384, 
0.690395521304907, -2.6353322282708, -47.4596923912387, -0.618997953085159, 56.167944526384, 
0.690395521304907, -2.6353322282708, -47.4596923912387, -0.618997953085159, 56.167944526384, 
0.690395521304907, -2.6353322282708, -47.4596923912387, -0.618997953085159, 56.167944526384, 
0.690395521304907, -2.6353322282708, -47.4596923912387, -0.618997953085159, 56.167944526384, 
0.690395521304907, -2.6353322282708, -47.4596923912387, -0.618997953085159, 56.167944526384, 
0.690395521304907, -2.6353322282708, -47.4596923912387, -0.618997953085159, 56.167944526384, 
0.690395521304907, -2.6353322282708, -47.4596923912387, -0.618997953085159, 56.167944526384, 
0.690395521304907, -2.6353322282708, -47.4596923912387, -0.618997953085159, 56.167944526384, 
0.690395521304907, -2.6353322282708, -47.4596923912387, -0.618997953085159, 56.167944526384, 
0.690395521304907, -2.6353322282708, -47.4596923912387, -0.618997953085159, 56.167944526384, 
0.690395521304907, -2.6353322282708, -47.4596923912387, -0.618997953085159, 56.167944526384, 
0.690395521304907, -2.6353322282708, -47.4596923912387, -0.618997953085159, 56.167944526384, 
0.690395521304907, -2.6353322282708, -47.4596923912387, -0.618997953085159, 56.167944526384, 
0.690395521304907, -2.6353322282708, -47.4596923912387, -0.618997953085159, 56.167944526384, 
0.690395521304907, -2.6353322282708, -47.4596923912387, -0.618997953085159, 56.167944526384, 
0.690395521304907, -2.6353322282708, -47.4596923912387, -0.618997953085159, 56.167944526384, 
0.690395521304907, -2.6353322282708, -47.4596923912387, -0.618997953085159, 56.167944526384, 
0.690395521304907, -2.6353322282708, -47.4596923912387, -0.618997953085159, 56.167944526384, 
0.690395521304907, -2.6353322282708, -47.4596923912387, -0.618997953085159, 56.167944526384, 
0.690395521304907, -2.6353322282708, -47.4596923912387, -0.618997953085159, 56.167944526384, 
0.690395521304907, -2.6353322282708, -47.4596923912387, -0.618997953085159, 56.167944526384, 
0.690395521304907, -2.6353322282708, -47.4596923912387, -0.618997953085159, 56.167944526384, 
0.690395521304907, -2.6353322282708, -47.4596923912387, -0.618997953085159, 56.167944526384, 
0.690395521304907, -2.6353322282708, -47.4596923912387, -0.618997953085159, 56.167944526384, 
0.690395521304907, -2.6353322282708, -47.4596923912387, -0.618997953085159, 56.167944526384, 
0.690395521304907, -2.6353322282708, -47.4596923912387, -0.618997953085159, 56.167944526384, 
0.690395521304907, -2.6353322282708, -47.4596923912387, -0.618997953085159, 56.167944526384, 
0.690395521304907, -2.6353322282708, -47.4596923912387, -0.618997953085159, 56.167944526384, 
0.690395521304907, -2.6353322282708, -47.4596923912387, -0.618997953085159, 56.167944526384, 
0.690395521304907, -2.6353322282708, -47.4596923912387, -0.618997953085159, 56.167944526384, 
0.690395521304907, -2.6353322282708, -47.4596923912387, -0.618997953085159, 56.167944526384, 
0.690395521304907, -2.6353322282708, -47.4596923912387, -0.618997953085159, 56.167944526384, 
0.690395521304907, -2.6353322282708, -47.4596923912387, -0.618997953085159, 56.167944526384, 
0.690395521304907, -2.6353322282708, -47.4596923912387, -0.618997953085159, 56.167944526384, 
0.690395521304907, -2.6353322282708, -47.4596923912387, -0.618997953085159, 56.167944526384, 
0.690395521304907, -2.6353322282708, -47.4596923912387, -0.618997953085159, 56.167944526384, 
0.690395521304907, -2.6353322282708, -47.4596923912387, -0.618997953085159, 56.167944526384, 
0.690395521304907, -2.6353322282708, -47.4596923912387, -0.618997953085159, 56.167944526384, 
0.690395521304907, -2.6353322282708, -47.4596923912387, -0.618997953085159, 56.167944526384, 
0.690395521304907, -2.6353322282708, -47.4596923912387, -0.618997953085159, 56.167944526384, 
0.690395521304907, -2.6353322282708, -47.4596923912387, -0.618997953085159, 56.167944526384, 
0.690395521304907, -2.6353322282708, -47.4596923912387, -0.618997953085159, 56.167944526384, 
0.690395521304907, -2.6353322282708, -47.4596923912387, -0.618997953085159, 56.167944526384, 
0.690395521304907, -2.6353322282708, -47.4596923912387, -0.618997953085159, 56.167944526384, 
0.690395521304907, -2.6353322282708, -47.4596923912387, -0.618997953085159, 56.167944526384, 
0.690395521304907, -2.6353322282708, -47.4596923912387, -0.618997953085159, 56.167944526384, 
0.690395521304907, -2.6353322282708, -47.4596923912387, -0.618997953085159, 56.167944526384, 
0.690395521304907, -2.6353322282708, -47.4596923912387, -0.618997953085159, 56.167944526384, 
0.690395521304907, -2.6353322282708, -47.4596923912387, -0.618997953085159, 56.167944526384, 
0.690395521304907, -2.6353322282708, -47.4596923912387, -0.618997953085159, 56.167944526384, 
0.690395521304907, -2.6353322282708, -47.4596923912387, -0.618997953085159, 56.167944526384, 
0.690395521304907, -2.6353322282708, -47.4596923912387, -0.618997953085159, 56.167944526384, 
0.690395521304907, -2.6353322282708, -47.4596923912387, -0.618997953085159, 56.167944526384, 
0.690395521304907, -2.6353322282708, -47.4596923912387, -0.618997953085159, 56.167944526384, 
0.690395521304907, -2.6353322282708, -47.4596923912387, -0.618997953085159, 56.167944526384, 
0.690395521304907, -2.6353322282708, -47.4596923912387, -0.618997953085159, 56.167944526384, 
0.690395521304907, -2.6353322282708, -47.4596923912387, -0.618997953085159, 56.167944526384, 
0.690395521304907, -2.6353322282708, -47.4596923912387, -0.618997953085159, 56.167944526384, 
0.690395521304907, -2.6353322282708, -47.4596923912387, -0.618997953085159, 56.167944526384, 
0.690395521304907, -2.6353322282708, -47.4596923912387, -0.618997953085159, 56.167944526384, 
0.690395521304907, -2.6353322282708, -47.4596923912387, -0.618997953085159, 56.167944526384, 
-2.27043684238228, -5.10424284198943, -53.5723710427152, 0, 0, 
-2.27043684238228, -5.10424284198943, -53.5723710427152, 0, 0, 
-2.27043684238228, -5.10424284198943, -53.5723710427152, 0, 0, 
-2.27043684238228, -5.10424284198943, -53.5723710427152, 0, 0, 
-2.27043684238228, -5.10424284198943, -53.5723710427152, 0, 0, 
-2.27043684238228, -5.10424284198943, -53.5723710427152, 0, 0, 
-2.27043684238228, -5.10424284198943, -53.5723710427152, 0, 0, 
-2.27043684238228, -5.10424284198943, -53.5723710427152, 0, 0, 
-2.27043684238228, -5.10424284198943, -53.5723710427152, 0, 0, 
-0.393869688677938, -7.51069222952193, -40.3512583899125, -4.47287232138791, 57.1226683685683, 
-0.393869688677938, -7.51069222952193, -40.3512583899125, -4.47287232138791, 57.1226683685683, 
-0.393869688677938, -7.51069222952193, -40.3512583899125, -4.47287232138791, 57.1226683685683, 
-0.393869688677938, -7.51069222952193, -40.3512583899125, -4.47287232138791, 57.1226683685683, 
-0.393869688677938, -7.51069222952193, -40.3512583899125, -4.47287232138791, 57.1226683685683, 
-0.393869688677938, -7.51069222952193, -40.3512583899125, -4.47287232138791, 57.1226683685683, 
-0.393869688677938, -7.51069222952193, -40.3512583899125, -4.47287232138791, 57.1226683685683, 
-0.393869688677938, -7.51069222952193, -40.3512583899125, -4.47287232138791, 57.1226683685683, 
-0.393869688677938, -7.51069222952193, -40.3512583899125, -4.47287232138791, 57.1226683685683, 
-0.393869688677938, -7.51069222952193, -40.3512583899125, -4.47287232138791, 57.1226683685683, 
-0.393869688677938, -7.51069222952193, -40.3512583899125, -4.47287232138791, 57.1226683685683, 
-0.393869688677938, -7.51069222952193, -40.3512583899125, -4.47287232138791, 57.1226683685683, 
-0.393869688677938, -7.51069222952193, -40.3512583899125, -4.47287232138791, 57.1226683685683, 
-0.393869688677938, -7.51069222952193, -40.3512583899125, -4.47287232138791, 57.1226683685683, 
-0.393869688677938, -7.51069222952193, -40.3512583899125, -4.47287232138791, 57.1226683685683, 
-0.393869688677938, -7.51069222952193, -40.3512583899125, -4.47287232138791, 57.1226683685683, 
-0.393869688677938, -7.51069222952193, -40.3512583899125, -4.47287232138791, 57.1226683685683, 
-0.393869688677938, -7.51069222952193, -40.3512583899125, -4.47287232138791, 57.1226683685683, 
-0.393869688677938, -7.51069222952193, -40.3512583899125, -4.47287232138791, 57.1226683685683, 
-0.393869688677938, -7.51069222952193, -40.3512583899125, -4.47287232138791, 57.1226683685683, 
-0.393869688677938, -7.51069222952193, -40.3512583899125, -4.47287232138791, 57.1226683685683, 
-0.393869688677938, -7.51069222952193, -40.3512583899125, -4.47287232138791, 57.1226683685683, 
-0.393869688677938, -7.51069222952193, -40.3512583899125, -4.47287232138791, 57.1226683685683, 
-0.393869688677938, -7.51069222952193, -40.3512583899125, -4.47287232138791, 57.1226683685683, 
-0.393869688677938, -7.51069222952193, -40.3512583899125, -4.47287232138791, 57.1226683685683, 
-0.393869688677938, -7.51069222952193, -40.3512583899125, -4.47287232138791, 57.1226683685683, 
-0.393869688677938, -7.51069222952193, -40.3512583899125, -4.47287232138791, 57.1226683685683, 
-0.393869688677938, -7.51069222952193, -40.3512583899125, -4.47287232138791, 57.1226683685683, 
-0.393869688677938, -7.51069222952193, -40.3512583899125, -4.47287232138791, 57.1226683685683, 
-0.393869688677938, -7.51069222952193, -40.3512583899125, -4.47287232138791, 57.1226683685683, 
-0.393869688677938, -7.51069222952193, -40.3512583899125, -4.47287232138791, 57.1226683685683, 
-0.393869688677938, -7.51069222952193, -40.3512583899125, -4.47287232138791, 57.1226683685683, 
-0.393869688677938, -7.51069222952193, -40.3512583899125, -4.47287232138791, 57.1226683685683, 
-0.393869688677938, -7.51069222952193, -40.3512583899125, -4.47287232138791, 57.1226683685683, 
-0.393869688677938, -7.51069222952193, -40.3512583899125, -4.47287232138791, 57.1226683685683, 
-0.393869688677938, -7.51069222952193, -40.3512583899125, -4.47287232138791, 57.1226683685683, 
-0.393869688677938, -7.51069222952193, -40.3512583899125, -4.47287232138791, 57.1226683685683, 
-0.393869688677938, -7.51069222952193, -40.3512583899125, -4.47287232138791, 57.1226683685683, 
-0.393869688677938, -7.51069222952193, -40.3512583899125, -4.47287232138791, 57.1226683685683, 
-0.393869688677938, -7.51069222952193, -40.3512583899125, -4.47287232138791, 57.1226683685683, 
-0.393869688677938, -7.51069222952193, -40.3512583899125, -4.47287232138791, 57.1226683685683, 
-0.393869688677938, -7.51069222952193, -40.3512583899125, -4.47287232138791, 57.1226683685683, 
-0.393869688677938, -7.51069222952193, -40.3512583899125, -4.47287232138791, 57.1226683685683, 
-0.393869688677938, -7.51069222952193, -40.3512583899125, -4.47287232138791, 57.1226683685683, 
-0.393869688677938, -7.51069222952193, -40.3512583899125, -4.47287232138791, 57.1226683685683, 
-0.393869688677938, -7.51069222952193, -40.3512583899125, -4.47287232138791, 57.1226683685683, 
-0.393869688677938, -7.51069222952193, -40.3512583899125, -4.47287232138791, 57.1226683685683, 
-0.393869688677938, -7.51069222952193, -40.3512583899125, -4.47287232138791, 57.1226683685683, 
-0.393869688677938, -7.51069222952193, -40.3512583899125, -4.47287232138791, 57.1226683685683, 
-0.393869688677938, -7.51069222952193, -40.3512583899125, -4.47287232138791, 57.1226683685683, 
-0.393869688677938, -7.51069222952193, -40.3512583899125, -4.47287232138791, 57.1226683685683, 
-0.393869688677938, -7.51069222952193, -40.3512583899125, -4.47287232138791, 57.1226683685683, 
-0.393869688677938, -7.51069222952193, -40.3512583899125, -4.47287232138791, 57.1226683685683, 
-0.393869688677938, -7.51069222952193, -40.3512583899125, -4.47287232138791, 57.1226683685683, 
-0.393869688677938, -7.51069222952193, -40.3512583899125, -4.47287232138791, 57.1226683685683, 
-0.393869688677938, -7.51069222952193, -40.3512583899125, -4.47287232138791, 57.1226683685683, 
-0.393869688677938, -7.51069222952193, -40.3512583899125, -4.47287232138791, 57.1226683685683, 
-0.393869688677938, -7.51069222952193, -40.3512583899125, -4.47287232138791, 57.1226683685683, 
-0.393869688677938, -7.51069222952193, -40.3512583899125, -4.47287232138791, 57.1226683685683, 
-0.393869688677938, -7.51069222952193, -40.3512583899125, -4.47287232138791, 57.1226683685683, 
-0.393869688677938, -7.51069222952193, -40.3512583899125, -4.47287232138791, 57.1226683685683, 
-0.393869688677938, -7.51069222952193, -40.3512583899125, -4.47287232138791, 57.1226683685683, 
-0.393869688677938, -7.51069222952193, -40.3512583899125, -4.47287232138791, 57.1226683685683, 
-0.393869688677938, -7.51069222952193, -40.3512583899125, -4.47287232138791, 57.1226683685683, 
-0.393869688677938, -7.51069222952193, -40.3512583899125, -4.47287232138791, 57.1226683685683, 
-0.393869688677938, -7.51069222952193, -40.3512583899125, -4.47287232138791, 57.1226683685683, 
-0.393869688677938, -7.51069222952193, -40.3512583899125, -4.47287232138791, 57.1226683685683, 
-0.393869688677938, -7.51069222952193, -40.3512583899125, -4.47287232138791, 57.1226683685683, 
-0.393869688677938, -7.51069222952193, -40.3512583899125, -4.47287232138791, 57.1226683685683, 
-0.393869688677938, -7.51069222952193, -40.3512583899125, -4.47287232138791, 57.1226683685683, 
-0.393869688677938, -7.51069222952193, -40.3512583899125, -4.47287232138791, 57.1226683685683, 
-0.393869688677938, -7.51069222952193, -40.3512583899125, -4.47287232138791, 57.1226683685683, 
-0.393869688677938, -7.51069222952193, -40.3512583899125, -4.47287232138791, 57.1226683685683, 